3320 3320 6200 3640 3608 3608
3374 3320 4126 6440 9932 1214
3374 3374 3374 4126 9872 1376
3392 3320 6208 6520 9950 1430
3392 3374 4256 6442 9926 1214
3392 3392 4256 3616 3608 3608
3398 3320 5714 6520 9932 1214
3398 3374 3634 6206 3614 3554
3398 3392 4022 3616 9950 1214
3398 3398 4022 5714 9878 1376
3536 3320 3536 6440 29552 728
3536 3374 6224 6442 9872 1214
3536 3392 5552 6208 3560 3320
3536 3398 3632 6466 9878 1214
3536 3536 5552 3632 3608 3608
3554 3320 4118 6440 9932 1214
3554 3374 4118 6206 4100 3536
3554 3392 5558 6208 3560 3374
3554 3398 5558 6466 10094 1376
3554 3536 4262 6448 10088 1376
3554 3554 5558 6226 3614 3374
3560 3320 4120 6200 3614 3554
3560 3374 4120 6442 10094 1376
3560 3392 5720 6208 3614 3374
3560 3398 5720 6466 10112 1376
3560 3536 4120 6448 10112 1376
3560 3554 5720 6226 4100 3374
3560 3560 5720 4120 4100 4100
3608 3320 5576 6200 3536 3536
3608 3374 6232 6442 9872 1214
3608 3392 5576 6208 3560 3536
3608 3398 4264 6466 9950 1430
3608 3536 3608 6448 9950 1214
3608 3554 3608 6226 3398 3320
3608 3560 5576 4120 3614 3554
3608 3608 4264 5576 3560 3560
3614 3320 4094 6440 9932 1214
3614 3374 5578 6442 10112 1376
3614 3392 5578 3616 3560 3398
3614 3398 5738 3634 4100 3536
3614 3536 4282 6448 10088 1376
3614 3554 5722 5558 3560 3560
3614 3560 4094 5720 4100 3398
3614 3608 4094 6232 3374 3320
3614 3614 4094 5578 3560 3536
4100 3320 5740 6440 9878 1376
4100 3374 4100 6442 10094 1376
4100 3392 5740 6208 3614 3554
4100 3398 5740 6466 10112 1376
4100 3536 4100 5552 3614 3554
4100 3554 4100 6226 3560 3374
4100 3560 4100 5560 3554 3554
4100 3608 5740 3608 3398 3398
4100 3614 5740 3614 3560 3398
4100 4100 4100 4100 4100 4100
9854 1214 16406 2078 3320 3320
9854 1376 16406 2176 9932 1214
9854 1430 9958 2158 9872 1214
9872 1214 12758 2174 3560 3320
9872 1376 12352 2176 3560 3320
9872 1430 16412 2158 9878 1376
9878 1214 12838 2174 3560 3320
9878 1376 17132 2156 3560 3320
9878 1430 9952 2158 9872 1376
9926 1214 18598 2174 3536 3536
9926 1376 12760 2156 3554 3374
9926 1430 16726 2158 3560 3320
9932 1214 12038 2078 3398 3374
9932 1376 12272 2176 3560 3320
9932 1430 16432 2158 9878 1376
9950 1214 10574 1862 3536 3536
9950 1376 12784 2176 3614 3398
9950 1430 16646 2158 3560 3320
10088 1214 10582 2078 3536 3392
10088 1376 10816 2176 3398 3374
10088 1430 12064 2158 9950 1214
10094 1214 12274 2174 3554 3374
10094 1376 17140 2176 4100 3536
10094 1430 12274 2158 3554 3374
10112 1214 12058 2174 10094 1376
10112 1376 12280 2156 4100 3536
10112 1430 17158 2158 3614 3398
10598 1214 10598 2078 3536 3536
10598 1376 10598 2176 10094 1214
10598 1430 16654 2158 3560 3536
29528 728 49208 728 3320 3320
29534 728 29534 728 9854 1376
29552 728 36088 728 3398 3374
29606 728 36166 728 3398 3320
29768 728 31720 728 3536 3536
